123678945584239761967145328372461589691583274458792613836924157219857436745316892
752693814813274956694185237238459761546721389971836542365947128429518673187362495
358164279742539861169872453614357982597428316283916745871693524925741638436285197
754813269162479358389526417573648921928157634416392785635784192241965873897231546
926758314714239865835641927659127438142893576378564291281375649593416782467982153
768425913134869257529371846951637428486192375273584691815946732647213589392758164
678395124492186735153472986926857413541923867387641592219534678835769241764218359
847136259312459876695782314136874592529361487784295631478923165961548723253617948
576391248914682375328475916741829563652713894893546721469238157137954682285167439
596417238182369457473582169918653742237194586654278913749835621821746395365921874
862743915534921786791586234918265347473819562256374198187492653625138479349657821